1050
300
1
261
370
321
50
734
1106
578
1041
974
498
30
389
842
198
302
586
881
333
661
853
189
353
94
453
750
257
202
530
722
433
126
1162
22
26
141
593
213
806
557
801
282
105
1198
177
122
885
913
194
597
809
317
70
150
665
382
114
834
233
494
1181
309
754
486
461
5
266
338
273
278
653
965
386
293
1185
1046
305
54
777
286
82
489
221
238
57
522
634
773
865
45
1073
533
681
290
541
13
449
374
393
929
789
406
86
830
1150
422
629
549
41
717
933
1114
157
78
1081
345
466
870
137
477
270
689
254
249
730
582
313
1177
1157
517
1085
906
950
1145
410
1062
786
1053
417
1130
562
246
569
1166
438
205
538
426
565
110
794
658
921
737
617
622
625
590
713
445
173
685
1033
349
501
1026
226
525
470
765
961
746
217
945
473
846
61
441
242
366
994
726
918
761
613
889
329
646
1070
758
162
678
770
430
1154
1138
1009
402
102
1090
1118
697
513
782
553
821
826
358
670
838
706
610
65
9
154
857
298
130
874
878
1097
414
97
1121
185
902
398
378
937
182
1022
969
89
925
481
850
958
693
1189
1001
146
898
165
1014
1174
134
986
710
169
861
342
637
1065
1038
17
674
909
1030
649
981
989
229
117
977
1057
1005
954
1194
361
1077
210
998
1110
1094
818
573
74
702
546
741
893
1126
1101
1133
37
1142
457
798
1050
33
325
505
1169
941
509
1017
814
602
606
642
