NUMPOLLIES 12

// Floor 1
-5.0  0.0 -5.0 0.0 5.0
-5.0  0.0  5.0 0.0 0.0
 5.0  0.0  5.0 5.0 0.0
 5.0  0.0 -5.0 5.0 5.0


// Ceiling 1
-5.0  2.0 -5.0 0.0 1.0
-5.0  2.0  5.0 0.0 0.0
 5.0  2.0  5.0 1.0 0.0
 5.0  2.0 -5.0 1.0 1.0


//wall left

-5.0  2.0    5.0 5.0 5.0
-5.0  0.0    5.0 5.0 0.0
-5.0  0.0   -5.0 0.0 0.0
-5.0  2.0   -5.0 0.0 5.0


//wall right

5.0   2.0    5.0  5.0  5.0 
5.0   0.0   5.0  5.0  0.0
5.0   0.0  -5.0  0.0 0.0
5.0   2.0   -5.0  0.0 5.0 


//wall front

-5.0   2.0    -5.0  5.0   5.0 
-5.0   0.0   -5.0  5.0   0.0
 5.0   0.0   -5.0  0.0  0.0
 5.0   2.0    -5.0  0.0  5.0 


//wall back

-5.0   2.0    5.0  5.0   5.0 
-5.0   0.0   5.0  5.0   0.0
 5.0   0.0   5.0  0.0  0.0
 5.0   2.0    5.0  0.0  5.0 

// Ceiling 2
-3.0  1.0 -3.0 0.0 1.0
-3.0  1.0  3.0 0.0 0.0
 3.0  1.0  3.0 1.0 0.0
 3.0  1.0 -1.0 1.0 0.67

// A1

-3.0  1.0   3.0  0.0   1.0
-3.0  0.0   3.0  0.0   0.0
 3.0  0.0   3.0  6.0   0.0
 3.0  1.0   3.0  6.0   1.0

//B1

-3.0 1.0  3.0 0.0 1.0
-3.0 0.0  3.0 0.0 0.0
-3.0 0.0 -3.0 6.0 0.0
-3.0 1.0 -3.0 6.0 1.0


//B2

3.0 1.0  3.0 0.0 1.0
3.0 0.0  3.0 0.0 0.0
3.0 0.0 -1.0 4.0 0.0
3.0 1.0 -1.0 4.0 1.0

//A2
-3.0  1.0   -3.0  0.0   1.0
-3.0  0.0   -3.0  0.0   0.0
 0.0  0.0   -2.0  2.0   0.0
 0.0  1.0   -2.0  2.0   1.0

//A3
 1.0  1.0   -1.65  0.0   1.0
 1.0  0.0   -1.65  0.0   0.0
 3.0   0.0   -1.0  3.0   0.0
 3.0   1.0   -1.0  3.0   1.0